1 0 43 135 48 211 53
2 5 40 136 2 193 33 351 16 127 7 253 24
3 3 15 264 56 328 10
4 7 22 385 31 190 18 203 13
5 5 55 350 31 182 38 297 39 357 40
6 8 58 259 28 349 28 316 49 132 33
7 5 47 189 24 324 33
8 6 32 168 45 286 6 61 42
9 2 51 233 58 133 21 86 14 397 59 140 19
10 8 24 357 55
11 7 39 214 21 154 17 237 33 388 39
12 10 24 213 9 278 20 61 30 268 6 219 45
13 2 3 117 2 355 50 141 54 210 55
14 9 53 114 11 398 53 378 32 289 18 62 41
15 10 11 180 46 147 16
16 0 15 331 54
17 7 28 264 49 147 13 198 23
18 10 36 355 13 262 32 312 47 286 43 95 18
19 3 26
20 0 31 231 46 103 9
21 4 58
22 6 39 88 54 135 16 356 3
23 4 53 65 28 330 57 360 21
24 7 21 391 60 128 48
25 2 36
26 8 43 346 30 352 38 92 44 128 52
27 10 54 66 17
28 5 24 215 17
29 8 48 110 7 316 54 400 26
30 4 19 164 36 280 31 238 56
